6437982886641620569
7158850236391774555
1811621669372909915
3694724499710424895
17721387611476996898
9987776576379338965
10711158306715059681
17849394699185998468
1956607127540187090
6801099947662202721
6583801252706868829
6077148480715775580
6076574527038444375
6581261376517789526
5573029716623970387
801686059640310356
16848218018865737466
10710612879844357321
10205323489450438860
15254192090248900224
16641379859049979571
6728465071296958045
6440531593418268760
6510622143856467546
6294157982587769942
5572456180939643482
4343534001047158084
15631774706421283402
15179308721178867144
12446496600700985011
14546557307670798779
16915471738284388028
12953724175845997263
6222366483493946395
6656420692874845005
6436863631133664348
6150043889711928406
6359441455422595158
3331058756571578955
14113641071008012010
13882273118727162548
11288488600045194657
12448687875731734487
12506954333000736161
11507486204381922712
6296583186510298328
6078832941001496395
6510050427925125203
6367062204958464351
6575621967972616021
15122793819805531211
11363899872805238215
14237752838281670799
13096703581261371048
9915430733490140615
13089342595438843010
11797692320987256997
656607277104553211
6938444295520279802
6149767899375098204
5572172472714089051
18169553091563834181
12157125957656369385
11218057196688353723
14672640499330823821
11216137578675086001
11578624429844830634
13513205264299758747
12014712744624694958
15126364908826699975
6933931894764092608
5644521398545174103
18233163090740205407
14260362407344680175
9263233313466850739
11000779482947684759
12797444248750108812
9480253732708453787
9842217457853501345
11062396015181341312
12375848408063117966
13030236189214550212
18276367912379866021
4272605687476640750
3911163277420674115
14312925392687917606
9552306937390734002
12374935899627228053
13440593598056867233
10204223964688062116
14401841661155256252
11570472714725729978
11000817883934986130
13174902159283235012
2861981383321569705
16860648960833616401
15125400110754838850
13085119419061227713
9552019964855683743
10494676423602899860
14091654066838087818
9626922116189362088
12814302945362553540
10781236770511312033
12591171379779043462
11871692864340005032
117574990542922905
16571853677250924517
15415574315703611192
14958614664788296646
9551455898092938936
11145987434621475489
14095892774306949779
10639974751006593442
13466800575312535230
11929359976310103718
11940105439141857683
11942889471718560168
13750022946101392283
16717386907595737759
17512828905025454669
12946930671690043109
12010176103460211865
11363884406222652300
17558898207908742293
11580690403691771848
15347605318575499727
12369058120501546690
9407346211853339288
11942296731453465270
15535354697794310554
12449043957981946551
12376686567918479409
12730755681760821405
11865497999908702869
12304566055954580625
1055730031391205536
13244521109703675359
14912437260586820558
11792314790240123324
11070883136964559248
13895435050382565040
15610518442548650933
16428325093720826808
13750916945094659669
12582681083240098480
9984938465038142099
11364154856019828401
343067361574307473
13243396296356383450
11148818772377062136
12219570602648058767
9479679744469470103
11435906682325077662
14523719260451425427
12088486672154859178
12665855206907925337
15892527665205329313
10130469845683387076
12520154937113479838
13006548163436855199
14255311893742060176
10496078301384656373
13879154765923852421
9624079805245532082
11218341996052453542
14100980258265878928
12956848220508361894
14111498562491962587
13097542938011677618
9624373331749671325
11433402137092268468
12430079658330005390
15557428269728760976
10712534787748582662
12431500236027043209
9768202724397717666
10854946732618516886
13153207638245483405
11582377110631845276
13749272278417424721
13660157326109887658
9263239811247413927
11435085476559297458
13013334456409305997
16570475389672655255
10569544404464099351
11709799525182841220
10853878041830392464
10926163213197153186
14239439433485887885
12015283430000271534
12086723215056367887
13298739027615594900
9769900314297473444
13031623691066320067
15824433939552785057
16354311589127757744
12960428187783125527
16331104338073277853
11216155076069796030
10057536967154311864
14165971153110868608
10565093589414420652
13170684445566882287
12434895635442938278
9262665835943923354
15706226480778489289
17498137091648974799
17364790361897028566
15416339274355237641
17419590128411210695
13530755859180076496
10491285490922401215
13946122635040696967
13023238646733251245
10492979864328711615
12148078153392764040
10708613868364073622
3182071283076809934
6301773226328611640
2312610917047364961
8098148751969378387
18328062071920399987
16061234737988957174
10563624525345313241
11281120849430287756
11431457031851968143
10781212448008806059
12721992363279946126
10345210899673552802
7587271617396558400
2700294160427069055
7734135636262872138
5776557432895787043
5504902032363830883
7232885894864923230
9984577497341650015
10489332826771593866
10780388853351547272
10852981948407454115
11211322756166620302
10849890052688809108
5122397410486803777
1903983726032919653
8889869730317953101
4977728102842847770
2337458518851069541
7953145205806229582
9983247390026784074
11711478398119220367
10853300798124037784
10635968061456947873
10562516299157377421
10343502288853634193
5770072422532858649
1761281388923916911
7804476944272355667
5626806070336441870
1472759599274464625
6432006053031016019
10706074026292422411
10199398125992054681
10057841458457969541
10058099929924738723
11211874659564229258
10634835499804694682
5479597999084162075
17545851690104068200
8239360030456893232
6494042628522128626
609761710338350716
7372983492932170318
10778120577770935089
9767059180275864468
10275697588612071556
10492691761965016236
10201376177458221715
10345475912275823501
4394508674035891473
28508186563448663
6141493060573944381
1430004246054717447
18382842343998212145
7951983013339489862
10343528724173709113
9908068209314992270
10130730291943014793
10347455063489750195
10413886469126919056
10054709005866337936
6710758543820837044
1401845566083307637
7369583790010362449
6132603370490122253
1616603267940161389
7590566983076965716
9908088017533687346
9692459463646610826
11432006701428736133
10491589007939313585
10196301901215077775
10125642847211913355
1792778083205614464
955093997398905133
8092704948911366731
6277249497675946009
2698600818149172847
7373553070273229917
9836021601628920831
10917718942135584394
11575843756164288404
10997979074180200899
10917439709283326869
10197989625659623564
4688862002495392387
16879257127317997651
4403359691396366632
4685254620752780515
238464256481688413
6433143978644493883
9693589761724640479
10415572020351174534
10779262966329738888
12299641895171933259
11070311536845495716
10053594066430495886
2378421577475722120
18040090897903065644
5923068293188438064
2442421177777205495
2114225681505840955
16852129362037464134
9476851839368202120
11062680779934501505
11287063675941194894
13384787519574595162
10921677279192531123
10199398108778827410
15913343430111170443
1385185704861313250
3174700574813868350
1864303595078749388
3475704754651065135
15699525069030376511
9983226443473718165
11207079650549860744
11434287088663759250
4775840030202548819
10634012060472686652
9477687437955533712
13024269936829564035
639474703649203634
285637744826589467
1581915817103259340
17503221154017130014
13315425346157927656
10127899079599230362
11931331322843272072
13676548867503854492
4340386103435349327
11356851948568059444
10129598920348896918
12954189312228363405
16990356212138439333
14472563469249463257
15774930663188977888
776274999527995338
13605638150516952039
10345478154281323412
13374744954871650696
5281974768367610288
6293303636165612116
11647060381525498959
10708885400322215832
13461559569478750098
18211672888973261480
12088758320633525976
15492581519082178023
2359008874924411835
14690742877451504368
10779795155759171985
13751986557028378252
5931622235470671541
